hello 1975 23 10
goodbye 1985 351 12
world 1981 294 123
spam 1962 83 21
egg 1994 635 32
ham 1979 54 9
python 2001 104 19
scala 2009 299 41
version 2023 921 108
hashmap 2016 208 19
dictionary 1999 873 22
linux 2008 329 43
windows 2020 444 33
apple 1986 123 12
watches 1977 21 3
speaker 2001 142 65
bottle 1982 123 45
mouse 1993 678 90
desk 2004 323 51
shelf 2015 103 20
cable 2022 274 19
injury 1997 111 11
drawer 1998 232 73
knives 1993 32 21
driver 2014 321 98
hello 1975 23 10
goodbye 1985 351 12
world 1981 294 123
spam 1962 83 21
egg 1994 635 32
ham 1979 54 9
python 2001 104 19
scala 2009 299 41
version 2023 921 108
hashmap 2016 208 19
dictionary 1999 873 22
linux 2008 329 43
windows 2020 444 33
apple 1986 123 12
watches 1977 21 3
speaker 2001 142 65
bottle 1982 123 45
mouse 1993 678 90
desk 2004 323 51
shelf 2015 103 20
cable 2022 274 19
injury 1997 111 11
drawer 1998 232 73
knives 1993 32 21
driver 2014 321 98
hello 1975 23 10
goodbye 1985 351 12
world 1981 294 123
spam 1962 83 21
egg 1994 635 32
ham 1979 54 9
python 2001 104 19
scala 2009 299 41
version 2023 921 108
hashmap 2016 208 19
dictionary 1999 873 22
linux 2008 329 43
windows 2020 444 33
apple 1986 123 12
watches 1977 21 3
speaker 2001 142 65
bottle 1982 123 45
mouse 1993 678 90
desk 2004 323 51
shelf 2015 103 20
cable 2022 274 19
injury 1997 111 11
drawer 1998 232 73
knives 1993 32 21
driver 2014 321 98
hello 1975 23 10
goodbye 1985 351 12
world 1981 294 123
spam 1962 83 21
egg 1994 635 32
ham 1979 54 9
python 2001 104 19
scala 2009 299 41
version 2023 921 108
hashmap 2016 208 19
dictionary 1999 873 22
linux 2008 329 43
windows 2020 444 33
apple 1986 123 12
watches 1977 21 3
speaker 2001 142 65
bottle 1982 123 45
mouse 1993 678 90
desk 2004 323 51
shelf 2015 103 20
cable 2022 274 19
injury 1997 111 11
drawer 1998 232 73
knives 1993 32 21
driver 2014 321 98
hello 1975 23 10
goodbye 1985 351 12
world 1981 294 123
spam 1962 83 21
egg 1994 635 32
ham 1979 54 9
python 2001 104 19
scala 2009 299 41
version 2023 921 108
hashmap 2016 208 19
dictionary 1999 873 22
linux 2008 329 43
windows 2020 444 33
apple 1986 123 12
watches 1977 21 3
speaker 2001 142 65
bottle 1982 123 45
mouse 1993 678 90
desk 2004 323 51
shelf 2015 103 20
cable 2022 274 19
injury 1997 111 11
drawer 1998 232 73
knives 1993 32 21
driver 2014 321 98
hello 1975 23 10
goodbye 1985 351 12
world 1981 294 123
spam 1962 83 21
egg 1994 635 32
ham 1979 54 9
python 2001 104 19
scala 2009 299 41
version 2023 921 108
hashmap 2016 208 19
dictionary 1999 873 22
linux 2008 329 43
windows 2020 444 33
apple 1986 123 12
watches 1977 21 3
speaker 2001 142 65
bottle 1982 123 45
mouse 1993 678 90
desk 2004 323 51
shelf 2015 103 20
cable 2022 274 19
injury 1997 111 11
drawer 1998 232 73
knives 1993 32 21
driver 2014 321 98
hello 1975 23 10
goodbye 1985 351 12
world 1981 294 123
spam 1962 83 21
egg 1994 635 32
ham 1979 54 9
python 2001 104 19
scala 2009 299 41
version 2023 921 108
hashmap 2016 208 19
dictionary 1999 873 22
linux 2008 329 43
windows 2020 444 33
apple 1986 123 12
watches 1977 21 3
speaker 2001 142 65
bottle 1982 123 45
mouse 1993 678 90
desk 2004 323 51
shelf 2015 103 20
cable 2022 274 19
injury 1997 111 11
drawer 1998 232 73
knives 1993 32 21
driver 2014 321 98
hello 1975 23 10
goodbye 1985 351 12
world 1981 294 123
spam 1962 83 21
egg 1994 635 32
ham 1979 54 9
python 2001 104 19
scala 2009 299 41
version 2023 921 108
hashmap 2016 208 19
dictionary 1999 873 22
linux 2008 329 43
windows 2020 444 33
apple 1986 123 12
watches 1977 21 3
speaker 2001 142 65
bottle 1982 123 45
mouse 1993 678 90
desk 2004 323 51
shelf 2015 103 20
cable 2022 274 19
injury 1997 111 11
drawer 1998 232 73
knives 1993 32 21
driver 2014 321 98
